Length_along_cut,|E|^2
0,0.774005
0.0125377,0.688415
0.0250755,0.610375
0.0376132,0.531136
0.050151,0.453941
0.0626887,0.387795
0.0752265,0.323686
0.0877642,0.272441
0.100302,0.222995
0.11284,0.184298
0.125377,0.147176
0.137915,0.119473
0.150453,0.093116
0.162991,0.0746796
0.175528,0.0573575
0.188066,0.0465158
0.200604,0.0365304
0.213142,0.0311887
0.225679,0.0264424
0.238217,0.0243939
0.250755,0.0227412
0.263293,0.0228824
0.27583,0.0232742
0.288368,0.0248503
0.300906,0.026557
0.313444,0.0289206
0.325981,0.0312786
0.338519,0.0335124
0.351057,0.0355946
0.363595,0.0365778
0.376132,0.0372805
0.38867,0.0361127
0.401208,0.0345972
0.413746,0.0310628
0.426283,0.0272084
0.438821,0.021963
0.451359,0.0165435
0.463896,0.0112726
0.476434,0.00609638
0.488972,0.00346623
0.50151,0.00130365
0.514047,0.00470544
0.526585,0.00900842
0.539123,0.0221134
0.551661,0.0365499
0.564198,0.062759
0.576736,0.0903725
0.589274,0.13
0.601812,0.16983
0.614349,0.210906
0.626887,0.252395
0.639425,0.296578
0.651963,0.341166
0.6645,0.388155
0.677038,0.435463
0.689576,0.484494
0.702114,0.533651
0.714651,0.583317
0.727189,0.632798
0.739727,0.680974
0.752265,0.728626
0.764802,0.773173
0.77734,0.816835
0.789878,0.855568
0.802416,0.892834
0.814953,0.922348
0.827491,0.950221
0.840029,0.969697
0.852567,0.987156
0.865104,0.994717
0.877642,1
0.89018,0.99452
0.902717,0.986645
0.915255,0.967851
0.927793,0.946712
0.940331,0.915232
0.952868,0.881637
0.965406,0.838989
0.977944,0.794624
0.990482,0.743121
1.00302,0.690454
1.01556,0.633052
1.02809,0.575155
1.04063,0.515238
1.05317,0.455567
1.06571,0.396698
1.07825,0.338832
1.09078,0.284481
1.10332,0.231843
1.11586,0.185124
1.1284,0.140721
1.14093,0.104144
1.15347,0.0703271
1.16601,0.0456078
1.17855,0.0238895
1.19109,0.0118129
1.20362,0.00274708
1.21616,0.00311255
1.2287,0.00625879
1.24124,0.0179024
1.25377,0.0318025
1.26631,0.0524351
1.27885,0.0740955
1.29139,0.098769
1.30393,0.123624
1.31646,0.149039
1.329,0.173926
1.34154,0.197409
1.35408,0.219802
1.36661,0.239322
1.37915,0.257249
1.39169,0.271054
1.40423,0.282902
1.41676,0.289794
1.4293,0.294516
1.44184,0.293871
1.45438,0.291052
1.46692,0.282975
1.47945,0.272933
1.49199,0.258247
1.50453,0.242007
1.51707,0.222176
1.5296,0.201375
1.54214,0.178377
1.55468,0.155117
1.56722,0.131266
1.57976,0.107923
1.59229,0.0856863
1.60483,0.0647317
1.61737,0.0464434
1.62991,0.0301202
1.64244,0.0178174
1.65498,0.00802379
1.66752,0.00325387
1.68006,0.00133587
1.6926,0.00500311
1.70513,0.0116206
1.71767,0.0238887
1.73021,0.0388619
1.74275,0.0588856
1.75528,0.0805453
1.76782,0.105184
1.78036,0.130473
1.7929,0.156907
1.80543,0.182985
1.81797,0.20841
1.83051,0.232552
1.84305,0.254456
1.85559,0.274362
1.86812,0.290876
1.88066,0.304944
1.8932,0.314956
1.90574,0.322225
1.91827,0.32504
1.93081,0.325168
1.94335,0.321027
1.95589,0.314298
1.96843,0.303546
1.98096,0.290486
1.9935,0.273917
2.00604,0.25554
2.01858,0.234477
2.03111,0.212297
2.04365,0.188499
2.05619,0.164416
2.06873,0.139942
2.08127,0.116091
2.0938,0.0931352
2.10634,0.0717148
2.11888,0.0524261
2.13142,0.0355108
2.14395,0.0218125
2.15649,0.0111759
2.16903,0.00459822
2.18157,0.00155407
2.1941,0.00309491
2.20664,0.00836323
2.21918,0.0183663
2.23172,0.0318869
2.24426,0.0497789
2.25679,0.0701531
2.26933,0.0935378
2.28187,0.118112
2.29441,0.144088
2.30694,0.170058
2.31948,0.196002
2.33202,0.220766
2.34456,0.244156
2.3571,0.265452
2.36963,0.284345
2.38217,0.300315
2.39471,0.313086
2.40725,0.322629
2.41978,0.328672
2.43232,0.331323
2.44486,0.33037
2.4574,0.326336
2.46994,0.319094
2.48247,0.309108
2.49501,0.296323
2.50755,0.281225
2.52009,0.263815
2.53262,0.24471
2.54516,0.223948
2.5577,0.202261
2.57024,0.179691
2.58278,0.157062
2.59531,0.134383
2.60785,0.112537
2.62039,0.0914678
2.63293,0.072077
2.64546,0.0542149
2.658,0.0387607
2.67054,0.0254532
2.68308,0.0151029
2.69561,0.00733532
2.70815,0.00284531
2.72069,0.00116027
2.73323,0.00281136
2.74577,0.00726058
2.7583,0.0146719
2.77084,0.0245147
2.78338,0.0364876
2.79592,0.0501721
2.80845,0.0649775
2.82099,0.0806631
2.83353,0.0964558
2.84607,0.112327
2.85861,0.127399
2.87114,0.141861
2.88368,0.154743
2.89622,0.166448
2.90876,0.176193
2.92129,0.184509
2.93383,0.190583
2.94637,0.195056
2.95891,0.19721
2.97145,0.197739
2.98398,0.195937
2.99652,0.192534
3.00906,0.186955
3.0216,0.179912
3.03413,0.171025
3.04667,0.160921
3.05921,0.149455
3.07175,0.137106
3.08428,0.123987
3.09682,0.110378
3.10936,0.0966542
3.1219,0.0828568
3.13444,0.0696102
3.14697,0.0566948
3.15951,0.0449488
3.17205,0.0339051
3.18459,0.0245635
3.19712,0.0162162
3.20966,0.00995325
3.2222,0.00488375
3.23474,0.00210683
3.24728,0.000616856
3.25981,0.00143135
3.27235,0.00351477
3.28489,0.00764879
3.29743,0.0128862
3.30996,0.0194068
3.3225,0.0266062
3.33504,0.0344057
3.34758,0.0425199
3.36012,0.0505858
3.37265,0.0586342
3.38519,0.0660691
3.39773,0.073209
3.41027,0.0793189
3.4228,0.084939
3.43534,0.0891802
3.44788,0.0927771
3.46042,0.094897
3.47295,0.0963389
3.48549,0.0963922
3.49803,0.0958209
3.51057,0.0939958
3.52311,0.0916166
3.53564,0.0881665
3.54818,0.0842505
3.56072,0.0794857
3.57326,0.0743565
3.58579,0.0686457
3.59833,0.0626868
3.61087,0.0564532
3.62341,0.050099
3.63595,0.0437926
3.64848,0.0374937
3.66102,0.0315552
3.67356,0.0257431
3.6861,0.0205698
3.69863,0.0156238
3.71117,0.0115398
3.72371,0.00775964
3.73625,0.00499345
3.74879,0.00257916
3.76132,0.00125004
3.77386,0.000290636
3.7864,0.000403489
3.79894,0.000874532
3.81147,0.00230948
3.82401,0.00405943
3.83655,0.00637252
3.84909,0.00886619
3.86162,0.0115665
3.87416,0.0143343
3.8867,0.0170267
3.89924,0.0197007
3.91178,0.0220729
3.92431,0.024361
3.93685,0.0261821
3.94939,0.0278721
3.96193,0.0290328
3.97446,0.0300482
3.987,0.030557
3.99954,0.0309291
4.01208,0.0307886
4.02462,0.0305133
4.03715,0.0298192
4.04969,0.0290165
4.06223,0.0278699
4.07477,0.0266351
4.0873,0.0251423
4.09984,0.0235836
4.11238,0.0218659
4.12492,0.0201068
4.13746,0.0182915
4.14999,0.0164587
4.16253,0.0146673
4.17507,0.0128803
4.18761,0.0112186
4.20014,0.00957941
4.21268,0.00812964
4.22522,0.00671538
4.23776,0.00553
4.25029,0.00438773
4.26283,0.00348709
4.27537,0.00263168
4.28791,0.00200489
4.30045,0.0014205
4.31298,0.0010302
4.32552,0.000675589
4.33806,0.000466101
4.3506,0.000283215
4.36313,0.000192607
4.37567,0.000119255
4.38821,9.51624e-05
4.40075,8.07787e-05
4.41329,8.53781e-05
4.42582,9.43014e-05
4.43836,0.000105137
4.4509,0.000117138
4.46344,0.000124322
4.47597,0.000131234
4.48851,0.00013265
4.50105,0.000133379
4.51359,0.000130474
4.52613,0.000126943
4.53866,0.000122254
4.5512,0.000117179
4.56374,0.000113101
4.57628,0.000108904
4.58881,0.000107292
4.60135,0.000105793
4.61389,0.000108074
4.62643,0.000110646
4.63896,0.000118228
4.6515,0.000126243
4.66404,0.000140792
4.67658,0.000155878
4.68912,0.000179342
4.70165,0.000203392
4.71419,0.000237575
4.72673,0.000271927
4.73927,0.000316978
4.7518,0.000362001
4.76434,0.000416705
4.77688,0.000471115
4.78942,0.000531423
4.80196,0.000591073
4.81449,0.000649775
4.82703,0.000707417
4.83957,0.000755188
4.85211,0.000801613
4.86464,0.000829937
4.87718,0.000856891
4.88972,0.00086066
4.90226,0.000863342
4.9148,0.00084254
4.92733,0.000821128
4.93987,0.000778559
4.95241,0.000735879
4.96495,0.000676045
4.97748,0.000616544
4.99002,0.00054593
5.00256,0.000475989
